//Krait
dimwishlist:item=2852052802&perks=878286503,3661387068,1431678320,3643424744,4049631843,4248210736,2323986101,4283235138,3988215619,2285418970,0,0,1961918267

//malfeasance
dimwishlist:item=204878059&perks=1791592647,4090651448,2420895100,2130042297,1012699414,2931483505,0,0,0,2285418970,1498917124

//Scathelocke
dimwishlist:item=602618796&perks=1294026524,4090651448,1087426260,1820235745,1774574192,4248210736,2323986101,150943607,0,2285418970,0,0,1961918267

//tigerspite
dimwishlist:item=640114618&perks=1636108362,3661387068,1885400500,1820235745,3523296417,4248210736,3336648220,1590375901,0,2285418970,0,0,1961918267

//biting winds
dimwishlist:item=1621657423&perks=715195141,2801223209,3429800428,588594999,3365897133,4248210736,984527513,186337601,0,2285418970,0,0,1961918267

//Pardon our dust
dimwishlist:item=3849810018&perks=474269988,3525010810,3032599245,3300816228,1546637391,4248210736,2323986101,4105787910,0,2285418970,0,0,2400712188

//Sorrow's Verse
dimwishlist:item=2496875173&perks=1294026524,4090651448,2420895100,1820235745,4104185692,4248210736,2323986101,1590375903,0,2285418970,0,0,1961918267

//Hollow Words
dimwishlist:item=607191995&perks=1636108362,839105230,689005463,1556840489,1546637391,4248210736,2323986101,150943602,0,2285418970,0,0,1961918267

//snorri fr5
dimwishlist:item=4114929480&perks=1636108362,1467527085,689005463,1583705720,2652708987,4248210736,371216963,3353797898,2839173408,2285418970,0,0,1961918267

//empty vessel
dimwishlist:item=4255586669&perks=474269988,3798852852,3032599245,3300816228,1546637391,4248210736,2323986101,4105787911,0,2285418970,0,0,1961918267

//Crisis Inverted
dimwishlist:item=2888266564&perks=1294026524,3250034553,1561002382,3523296417,11612903,4248210736,2323986101,150943603,4091460919,2285418970,0,0,1961918267

//Nature of the Beast
dimwishlist:item=1835747805&perks=1322370662,1926090094,3142289711,1820235745,2848615171,4248210736,2323986101,4283235139,0,2285418970\

//the third axiom
dimwishlist:item=1835747805&perks=4156253727&perks=1294026524,1840239774,2420895100,2779035018,2848615171,4248210736,2323986101,4283235143,0,2285418970,0,0,1961918267

//redback-5si
dimwishlist:item=1687353095&perks=1458010786,3661387068,3177308360,1820235745,3425386926,4248210736,2323986101,150943604,3988215619,2285418970,0,0,1961918267

//funnelweb
dimwishlist:item=3341893443&perks=1458010786,3250034553,3142289711,1820235745,11612903,4248210736,2323986101,4283235141,3988215619,2285418970,0,0,1961918267

//retraced path
dimwishlist:item=548958835&perks=1294026524,839105230,2680121939,1820235745,3523296417,4248210736,2323986101,4283235143,0,2285418970,0,0,1961918267

//typhon GL5
dimwishlist:item=3568377122&perks=1294026524,981914802,3301904089,3523296417,3194351027,4248210736,2323986101,3928770365,2839173408,2285418970,0,0,1961918267

//royal entry
dimwishlist:item=3568377122&perks=2448907086&perks=3419274965,3809316345,2985827016,3300816228,3927722942,4248210736,2323986101,4283235143,0,2285418970,0,0,1961918267

//Temptations hook
dimwishlist:item=35794111&perks=183772609,938542991,599007201,1749209109,3913600130,4248210736,2323986101,1486919755,0,2285418970,0,0,1961918267

//half-truths
dimwishlist:item=3257091166&perks=4172267910,436053704,599007201,1749209109,2077819806,4248210736,2323986101,1486919755,0,2285418970,0,0,1961918267

//Herod-D
dimwishlist:item=1788603939&perks=1019291327,4090651448,1968497646,1820235745,124408337,4248210736,2323986101,4283235141,1607056502,2285418970,0,0,1961918267

//syncopation-53
dimwishlist:item=2856514843&perks=1294026524,4090651448,1561002382,1168162263,1546637391,4248210736,2323986101,150943604,4008116374,2302094943,0,2909846572,2400712188

//perses-D
dimwishlist:item=1019000888&perks=1019291327,839105230,1087426260,3700496672,3038247973,4248210736,2323986101,518224744,1607056502,2285418970,0,0,604581312

//FORENSIC NIGHTMARE
dimwishlist:item=1526296434&perks=1636108362,1840239774,1561002382,2039302152,124408337,4248210736,2323986101,518224747,3717985200,2302094943,0,2909846572,2400712188

//Herod-C
dimwishlist:item=1788603939&perks=839105230,1561002382,1354429876,3523296417

//FORTISSIMO-11 
